dimensions 2
Dimensionpoints.shape (100,)
Y.shape (100,)
Max of Y -1.78829554356
Best x values -1.69696969697
Y.shape (100,)
Test fitness -1.78829554356
(100,)
data.shape (2, 100, 100)
[array([[-8.        , -7.83838384, -7.67676768, ...,  7.67676768,
         7.83838384,  8.        ],
       [-8.        , -7.83838384, -7.67676768, ...,  7.67676768,
         7.83838384,  8.        ],
       [-8.        , -7.83838384, -7.67676768, ...,  7.67676768,
         7.83838384,  8.        ],
       ..., 
       [-8.        , -7.83838384, -7.67676768, ...,  7.67676768,
         7.83838384,  8.        ],
       [-8.        , -7.83838384, -7.67676768, ...,  7.67676768,
         7.83838384,  8.        ],
       [-8.        , -7.83838384, -7.67676768, ...,  7.67676768,
         7.83838384,  8.        ]]), array([[-8.        , -8.        , -8.        , ..., -8.        ,
        -8.        , -8.        ],
       [-7.83838384, -7.83838384, -7.83838384, ..., -7.83838384,
        -7.83838384, -7.83838384],
       [-7.67676768, -7.67676768, -7.67676768, ..., -7.67676768,
        -7.67676768, -7.67676768],
       ..., 
       [ 7.67676768,  7.67676768,  7.67676768, ...,  7.67676768,
         7.67676768,  7.67676768],
       [ 7.83838384,  7.83838384,  7.83838384, ...,  7.83838384,
         7.83838384,  7.83838384],
       [ 8.        ,  8.        ,  8.        , ...,  8.        ,
         8.        ,  8.        ]])]
