--*GLOBAL SEARCH INTERVAL:
	[ -8 , 8 ]
--*LOCAL SEARCH INTERVALS:
	Interval: 0 [ -8 , -3 ]
	Interval: 1 [ -3 , 2 ]
	Interval: 2 [ 2 , 8 ]

--*FULL DATASET BEFORE:
	LOCAL INTERVAL 0 : [ -8 , -3 ]
 [[-5.060695304374242 -3.346120465479073]
 [-4.615221965044436 -4.607232621942333]
 [-4.7355304389152035 -3.5833218433705127]
 [-7.092614280899735 -4.387201137518595]
 [-5.860380047400208 -4.742076494146582]
 [-4.010517777706051 -3.480768488357369]
 [-5.647037657791312 -7.7197916217596285]
 [-7.821335499173286 -6.999992150721999]
 [-3.324915497273034 -6.446998529409415]
 [-3.8509796824197062 -5.392836991551572]]
--*TABU:
[-5.060695304374242, -3.346120465479073, -4.615221965044436, -4.607232621942333, -4.7355304389152035, -3.5833218433705127, -7.092614280899735, -4.387201137518595, -5.860380047400208, -4.742076494146582, -4.010517777706051, -3.480768488357369, -5.647037657791312, -7.7197916217596285, -7.821335499173286, -6.999992150721999, -3.324915497273034, -6.446998529409415, -3.8509796824197062, -5.392836991551572]

--*FULL DATASET BEFORE:
	LOCAL INTERVAL 1 : [ -3 , 2 ]
 [[-1.8293054993168925 1.608171452636178]
 [-2.38335563467172 -1.787311975421499]
 [-2.7383373394069177 -1.136675452781037]
 [0.8054170717759006 0.3848922898568534]
 [-2.1283229200802376 0.334936776252559]
 [-0.38800572771247843 -1.876954895944975]
 [-1.8911295607032215 -0.016863620262316026]
 [-0.6274034940179614 1.9331217771978526]
 [1.4548910288881842 -2.3454111070672523]
 [-2.9801043311231123 -1.2034486387020915]]
--*TABU:
[-1.8293054993168925, 1.608171452636178, -2.38335563467172, -1.787311975421499, -2.7383373394069177, -1.136675452781037, 0.8054170717759006, 0.3848922898568534, -2.1283229200802376, 0.334936776252559, -0.38800572771247843, -1.876954895944975, -1.8911295607032215, -0.016863620262316026, -0.6274034940179614, 1.9331217771978526, 1.4548910288881842, -2.3454111070672523, -2.9801043311231123, -1.2034486387020915]

--*FULL DATASET BEFORE:
	LOCAL INTERVAL 2 : [ 2 , 8 ]
 [[6.419023574270579 5.5823727082439465]
 [3.043705427697928 6.8795810756172715]
 [3.3247882997170697 5.587981237200455]
 [5.287280950321269 3.238731067096773]
 [7.361563037340449 6.9939118368262285]
 [5.776274906571898 2.8440349306268082]
 [2.637148166251733 5.784535787351957]
 [5.849761299314903 2.185913156553147]
 [7.689190324675867 3.5670829582135877]
 [7.719913893178888 7.001100971811909]]
--*TABU:
[6.419023574270579, 5.5823727082439465, 3.043705427697928, 6.8795810756172715, 3.3247882997170697, 5.587981237200455, 5.287280950321269, 3.238731067096773, 7.361563037340449, 6.9939118368262285, 5.776274906571898, 2.8440349306268082, 2.637148166251733, 5.784535787351957, 5.849761299314903, 2.185913156553147, 7.689190324675867, 3.5670829582135877, 7.719913893178888, 7.001100971811909]

 ********************************************************************************
--*FULL DATASET AFTER:
 [[4.918823574270585 2.832172708243956]
 [5.061405427698112 2.9909810756173094]
 [4.924788299717064 2.8379812372004647]
 [4.93728095032127 2.8387310670967745]
 [4.911563037340458 2.8439118368262433]
 [4.922874906571909 2.8472349306268154]
 [4.937148166251725 2.8345357873519674]
 [4.93956129931493 2.8499131565531743]
 [4.939090324675877 2.81698295821359]
 [4.919913893178898 2.851100971811924]]

--*DIMENSION MIDPOINT:
 [[4.941254987934083]
 [2.854344572954222]]

--*BEST DATA: [1.109296505982035 -2.5596782228021326] | FITNESS: 0.411234177816


Tabu Offset: 0.0
Dimensions: 2
Population: 10
|-------------------------------------------------------------------------------------|

--*GLOBAL SEARCH INTERVAL:
	[ -8 , 8 ]
--*LOCAL SEARCH INTERVALS:
	Interval: 0 [ -8 , -3 ]
	Interval: 1 [ -3 , 2 ]
	Interval: 2 [ 2 , 8 ]

--*FULL DATASET BEFORE:
	LOCAL INTERVAL 0 : [ -8 , -3 ]
 [[-5.309487527187546 -7.599336371329002]
 [-5.33769570749995 -5.068646123381452]
 [-4.035079052805334 -3.686990211709613]
 [-7.205687365089563 -6.099139693171953]
 [-3.1536448278481473 -4.286837171797955]
 [-5.569473548167576 -7.78693684641415]
 [-4.7075395081709 -7.38925981461722]
 [-4.783638668685574 -4.59061937555496]
 [-6.784247499611907 -5.124250733692369]
 [-4.428448553392867 -3.8736597544069085]]
--*TABU:
[-5.309487527187546, -7.599336371329002, -5.33769570749995, -5.068646123381452, -4.035079052805334, -3.686990211709613, -7.205687365089563, -6.099139693171953, -3.1536448278481473, -4.286837171797955, -5.569473548167576, -7.78693684641415, -4.7075395081709, -7.38925981461722, -4.783638668685574, -4.59061937555496, -6.784247499611907, -5.124250733692369, -4.428448553392867, -3.8736597544069085]

--*FULL DATASET BEFORE:
	LOCAL INTERVAL 1 : [ -3 , 2 ]
 [[-0.90306120855512 -0.9156761205249717]
 [0.6662057448323888 -2.026806039694276]
 [-0.932647065347334 0.5985186748107276]
 [1.8767901134811433 -0.7705458292155449]
 [-1.5823195363600457 -0.2828787258821066]
 [1.6671791958057387 -2.7348955826804566]
 [0.9230852960995288 -1.1191472981722597]
 [1.038595407508324 -2.1547199948851503]
 [-2.5349170925652404 1.7582265429828094]
 [-2.998515389718212 1.4802987841501167]]
--*TABU:
[-0.90306120855512, -0.9156761205249717, 0.6662057448323888, -2.026806039694276, -0.932647065347334, 0.5985186748107276, 1.8767901134811433, -0.7705458292155449, -1.5823195363600457, -0.2828787258821066, 1.6671791958057387, -2.7348955826804566, 0.9230852960995288, -1.1191472981722597, 1.038595407508324, -2.1547199948851503, -2.5349170925652404, 1.7582265429828094, -2.998515389718212, 1.4802987841501167]

--*FULL DATASET BEFORE:
	LOCAL INTERVAL 2 : [ 2 , 8 ]
 [[7.665680220094869 6.534751553537855]
 [5.828961111557927 5.98617868750806]
 [7.8408325724175505 6.594324408174264]
 [3.601330673632609 2.971985835798111]
 [5.17081940637079 2.3538033619316048]
 [3.0394932522398053 6.625164628656393]
 [5.356219256173216 4.656721686722827]
 [7.589548123880527 2.216131596232534]
 [5.663471817749655 4.480519767737365]
 [7.57006015168721 4.484340911605712]]
--*TABU:
[7.665680220094869, 6.534751553537855, 5.828961111557927, 5.98617868750806, 7.8408325724175505, 6.594324408174264, 3.601330673632609, 2.971985835798111, 5.17081940637079, 2.3538033619316048, 3.0394932522398053, 6.625164628656393, 5.356219256173216, 4.656721686722827, 7.589548123880527, 2.216131596232534, 5.663471817749655, 4.480519767737365, 7.57006015168721, 4.484340911605712]

 ********************************************************************************
--*FULL DATASET AFTER:
 [[3.4656802200948835 2.9847515535378673]
 [3.4789611115579353 2.9861786875080707]
 [3.490832572417566 2.9943244081742764]
 [3.657430673632516 3.215685835798308]
 [3.4708194063707962 2.9538033619316026]
 [3.4894932522398037 2.9751646286564064]
 [3.4559192561732237 2.9564216867228326]
 [3.4895481238805415 2.9661315962325316]
 [3.4632718177496633 2.9803197677373703]
 [3.4700601516872247 2.9843409116057176]]

--*DIMENSION MIDPOINT:
 [[3.493211658580415]
 [2.9997122437904986]]

--*BEST DATA: [1.09810574483238 -2.561706039694242] | FITNESS: 0.411120801857

Tabu Offset: 0.5
Dimensions: 2
Population: 10
|-------------------------------------------------------------------------------------|


--*GLOBAL SEARCH INTERVAL:
	[ -8 , 8 ]
--*LOCAL SEARCH INTERVALS:
	Interval: 0 [ -8 , -3 ]
	Interval: 1 [ -3 , 2 ]
	Interval: 2 [ 2 , 8 ]

--*FULL DATASET BEFORE:
	LOCAL INTERVAL 0 : [ -8 , -3 ]
 [[-6.195435890316088 -4.451666545898356]
 [-4.77103174624563 -3.0497833301765045]
 [-3.625910793625617 -7.486773796331416]
 [-3.800432343011094 -3.0718999693157896]
 [-3.200212849248315 -7.89318526321111]
 [-6.2275021608660515 -6.1760968152388545]
 [-4.046285705932053 -3.7585547399160966]
 [-7.705963355751904 -3.9151974836751293]
 [-3.883655010564536 -4.623636427987693]
 [-7.2591264341370785 -7.407492313020768]]
--*TABU:
[-6.195435890316088, -4.451666545898356, -4.77103174624563, -3.0497833301765045, -3.625910793625617, -7.486773796331416, -3.800432343011094, -3.0718999693157896, -3.200212849248315, -7.89318526321111, -6.2275021608660515, -6.1760968152388545, -4.046285705932053, -3.7585547399160966, -7.705963355751904, -3.9151974836751293, -3.883655010564536, -4.623636427987693, -7.2591264341370785, -7.407492313020768]

--*FULL DATASET BEFORE:
	LOCAL INTERVAL 1 : [ -3 , 2 ]
 [[-1.0179977686531045 -2.149313424482457]
 [-0.8970917759427324 1.2951997029828748]
 [1.4445325190997744 -2.7434090539823104]
 [-1.7551663662030865 -1.4916713646572668]
 [-1.1619809577682019 1.2104156183977812]
 [-2.1378062775816007 0.28757746511176663]
 [1.495963652151545 1.2601174837693412]
 [-0.23451246678771254 -0.5656847084957546]
 [-2.4738363750371937 0.9030010119083864]
 [0.957822187707114 -1.3101184954117235]]
--*TABU:
[-1.0179977686531045, -2.149313424482457, -0.8970917759427324, 1.2951997029828748, 1.4445325190997744, -2.7434090539823104, -1.7551663662030865, -1.4916713646572668, -1.1619809577682019, 1.2104156183977812, -2.1378062775816007, 0.28757746511176663, 1.495963652151545, 1.2601174837693412, -0.23451246678771254, -0.5656847084957546, -2.4738363750371937, 0.9030010119083864, 0.957822187707114, -1.3101184954117235]

--*FULL DATASET BEFORE:
	LOCAL INTERVAL 2 : [ 2 , 8 ]
 [[7.96290825304625 2.3772780385263204]
 [5.094164132019563 6.69018438815958]
 [6.703990626174215 6.690470311764713]
 [5.5380694064873435 7.935080321270016]
 [5.869188570298645 4.861797289959505]
 [7.159966318941309 3.0760430489606456]
 [3.5756498352568356 4.6661440853595]
 [5.406294546881929 7.50778524147354]
 [5.338426605406411 5.542312404726492]
 [5.264716266523104 6.598568261949129]]
--*TABU:
[7.96290825304625, 2.3772780385263204, 5.094164132019563, 6.69018438815958, 6.703990626174215, 6.690470311764713, 5.5380694064873435, 7.935080321270016, 5.869188570298645, 4.861797289959505, 7.159966318941309, 3.0760430489606456, 3.5756498352568356, 4.6661440853595, 5.406294546881929, 7.50778524147354, 5.338426605406411, 5.542312404726492, 5.264716266523104, 6.598568261949129]

 ********************************************************************************
--*FULL DATASET AFTER:
 [[3.812908253046265 4.527278038526313]
 [4.006564132019771 4.753984388159555]
 [3.803990626174225 4.540470311764721]
 [3.8380694064873495 4.535080321270028]
 [3.8191885702986523 4.511797289959507]
 [3.8095663189413216 4.526443048960641]
 [3.837249835256859 4.5277440853594735]
 [3.8062945468819347 4.507785241473551]
 [3.838226605406417 4.542112404726496]
 [3.8145162665231096 4.548368261949137]]

--*DIMENSION MIDPOINT:
 [[3.8386674561035905]
 [4.552106339214942]]

--*BEST DATA: [1.1092875332122831 -2.559684708495741] | FITNESS: 0.411234172767


Tabu Offset: 0.5
Dimensions: 2
Population: 10
|-------------------------------------------------------------------------------------|


--*GLOBAL SEARCH INTERVAL:
	[ -8 , 8 ]
--*LOCAL SEARCH INTERVALS:
	Interval: 0 [ -8 , -3 ]
	Interval: 1 [ -3 , 2 ]
	Interval: 2 [ 2 , 8 ]

--*FULL DATASET BEFORE:
	LOCAL INTERVAL 0 : [ -8 , -3 ]
 [[-7.16607385000862 -7.764028893509817]
 [-6.802768129607646 -7.892798038595887]
 [-7.820017493236132 -3.6036235236720655]
 [-4.5683478918823335 -5.353355979470816]
 [-7.080313922349788 -6.170091568340995]
 [-4.009597195516027 -4.946896787027344]
 [-5.30410403257533 -4.545349891296357]
 [-4.302719739043133 -7.686293960621166]
 [-5.900984250423047 -4.200055008307066]
 [-5.412786375552604 -7.628269109602904]]
--*TABU:
[-7.16607385000862, -7.764028893509817, -6.802768129607646, -7.892798038595887, -7.820017493236132, -3.6036235236720655, -4.5683478918823335, -5.353355979470816, -7.080313922349788, -6.170091568340995, -4.009597195516027, -4.946896787027344, -5.30410403257533, -4.545349891296357, -4.302719739043133, -7.686293960621166, -5.900984250423047, -4.200055008307066, -5.412786375552604, -7.628269109602904]

--*FULL DATASET BEFORE:
	LOCAL INTERVAL 1 : [ -3 , 2 ]
 [[-0.5273889396795339 -2.1413403322721076]
 [1.724813616635207 -2.6959132258149983]
 [-2.497420482573136 0.035717349336199966]
 [1.1721324358441523 -2.11666191383247]
 [-0.3756791413743312 -2.342797406729151]
 [0.17667621819937196 -2.888044789074833]
 [-1.1241366607286247 1.123090620237372]
 [-2.3186322735483067 1.6649879887420749]
 [-0.7522140150651349 -0.9003404205463008]
 [-2.0676236380988495 -1.6928136176195558]]
--*TABU:
[-0.5273889396795339, -2.1413403322721076, 1.724813616635207, -2.6959132258149983, -2.497420482573136, 0.035717349336199966, 1.1721324358441523, -2.11666191383247, -0.3756791413743312, -2.342797406729151, 0.17667621819937196, -2.888044789074833, -1.1241366607286247, 1.123090620237372, -2.3186322735483067, 1.6649879887420749, -0.7522140150651349, -0.9003404205463008, -2.0676236380988495, -1.6928136176195558]

--*FULL DATASET BEFORE:
	LOCAL INTERVAL 2 : [ 2 , 8 ]
 [[2.4968459302270216 2.929033697262172]
 [6.9691751985181885 6.580967228117804]
 [2.7921837760709165 4.658456285298255]
 [3.550164594557872 5.771105589707453]
 [7.083841810317565 2.576778964165117]
 [5.42810911927903 5.80582977907391]
 [7.759211628862054 3.51761683022225]
 [2.593929278800205 3.361615463934525]
 [7.9531130059353625 7.2014716181836]
 [6.767283728218539 5.080390536279649]]
--*TABU:
[2.4968459302270216, 2.929033697262172, 6.9691751985181885, 6.580967228117804, 2.7921837760709165, 4.658456285298255, 3.550164594557872, 5.771105589707453, 7.083841810317565, 2.576778964165117, 5.42810911927903, 5.80582977907391, 7.759211628862054, 3.51761683022225, 2.593929278800205, 3.361615463934525, 7.9531130059353625, 7.2014716181836, 6.767283728218539, 5.080390536279649]

 ********************************************************************************
--*FULL DATASET AFTER:
 [[2.2968459302270228 3.229033697262171]
 [2.319175198518205 3.230967228117816]
 [2.2921837760709183 3.2084562852982605]
 [2.3001645945578764 3.221105589707462]
 [2.2838418103175817 3.2267789641651152]
 [2.2781091192790415 3.2058297790739196]
 [2.309211628862073 3.2176168302222514]
 [2.493929278799994 3.3912154639345875]
 [2.3031130059353826 3.2014716181836143]
 [2.3172837282185546 3.2303905362796552]]

--*DIMENSION MIDPOINT:
 [[2.3193958070786653]
 [3.236286599224485]]

--*BEST DATA: [1.1093795174268688 -2.5595826506637893] | FITNESS: 0.411234164844


Tabu Offset: 0.5
Dimensions: 2
Population: 10
|-------------------------------------------------------------------------------------|

--*GLOBAL SEARCH INTERVAL:
	[ -8 , 8 ]
--*LOCAL SEARCH INTERVALS:
	Interval: 0 [ -8 , -3 ]
	Interval: 1 [ -3 , 2 ]
	Interval: 2 [ 2 , 8 ]

--*FULL DATASET BEFORE:
	LOCAL INTERVAL 0 : [ -8 , -3 ]
 [[-7.113580003409053 -5.29636353017618]
 [-6.856239206663795 -4.397545211541688]
 [-4.865798211732073 -3.085703696182674]
 [-7.01448057509686 -6.448641355115924]
 [-7.049462165926304 -5.96723382586331]
 [-4.127083738650039 -7.815873039230524]
 [-5.291619692987691 -6.419471161897431]
 [-4.179149665215217 -5.01223329402897]
 [-3.509542865105945 -5.006944063610815]
 [-5.875324882520708 -4.782525629081782]]
--*TABU:
[-7.113580003409053, -5.29636353017618, -6.856239206663795, -4.397545211541688, -4.865798211732073, -3.085703696182674, -7.01448057509686, -6.448641355115924, -7.049462165926304, -5.96723382586331, -4.127083738650039, -7.815873039230524, -5.291619692987691, -6.419471161897431, -4.179149665215217, -5.01223329402897, -3.509542865105945, -5.006944063610815, -5.875324882520708, -4.782525629081782]

--*FULL DATASET BEFORE:
	LOCAL INTERVAL 1 : [ -3 , 2 ]
 [[-2.3154635822138565 0.30186799180063506]
 [1.5127085177236586 -1.1555223952913964]
 [-0.1442647189556978 -1.248814895018599]
 [-0.7403673239924551 -1.1867614764917074]
 [-1.4866908206056002 -2.189172888707886]
 [-1.2583919985998926 -2.4591654966709364]
 [0.6811982217865449 -2.024874873548593]
 [1.8056975770788162 -2.4209868174366136]
 [0.7656471308733193 -2.9483603714627735]
 [-2.2974427532409147 0.144268218629247]]
--*TABU:
[-2.3154635822138565, 0.30186799180063506, 1.5127085177236586, -1.1555223952913964, -0.1442647189556978, -1.248814895018599, -0.7403673239924551, -1.1867614764917074, -1.4866908206056002, -2.189172888707886, -1.2583919985998926, -2.4591654966709364, 0.6811982217865449, -2.024874873548593, 1.8056975770788162, -2.4209868174366136, 0.7656471308733193, -2.9483603714627735, -2.2974427532409147, 0.144268218629247]

--*FULL DATASET BEFORE:
	LOCAL INTERVAL 2 : [ 2 , 8 ]
 [[4.740759610039768 4.662931824757058]
 [4.020077309122027 6.895810758047295]
 [5.997086807828807 4.002057784113514]
 [4.241897859269455 2.2755111482848305]
 [2.386835387853048 4.471546075559338]
 [4.5839425452613884 7.163127503171729]
 [5.931731591693243 7.405246047615858]
 [3.5736544537551467 6.584203645057244]
 [5.081477155464681 4.171388763189718]
 [2.8895786318963177 2.2030532816677146]]
--*TABU:
[4.740759610039768, 4.662931824757058, 4.020077309122027, 6.895810758047295, 5.997086807828807, 4.002057784113514, 4.241897859269455, 2.2755111482848305, 2.386835387853048, 4.471546075559338, 4.5839425452613884, 7.163127503171729, 5.931731591693243, 7.405246047615858, 3.5736544537551467, 6.584203645057244, 5.081477155464681, 4.171388763189718, 2.8895786318963177, 2.2030532816677146]

 ********************************************************************************
--*FULL DATASET AFTER:
 [[2.440759610039776 2.012931824757067]
 [2.420077309122033 1.9958107580473123]
 [2.4469868078288193 2.0021577841135216]
 [2.441897859269462 2.0255111482848314]
 [2.608735387852882 2.2439460755593936]
 [2.433842545261396 2.0130275031717475]
 [2.4317315916932554 2.005246047615877]
 [2.42335445375515 2.033903645057259]
 [2.4312771554646897 2.021188763189725]
 [2.4183786318962746 2.0352532816676776]]

--*DIMENSION MIDPOINT:
 [[2.449714135218373]
 [2.038897683146441]]

--*BEST DATA: [1.109308517723653 -2.5596223952914037] | FITNESS: 0.411234189465

Tabu Offset: 0.5
Dimensions: 2
Population: 10
|-------------------------------------------------------------------------------------|


--*GLOBAL SEARCH INTERVAL:
	[ -8 , 8 ]
--*LOCAL SEARCH INTERVALS:
	Interval: 0 [ -8 , -3 ]
	Interval: 1 [ -3 , 2 ]
	Interval: 2 [ 2 , 8 ]

--*FULL DATASET BEFORE:
	LOCAL INTERVAL 0 : [ -8 , -3 ]
 [[-6.706852890727259 -6.909157363368713]
 [-6.659000556549961 -6.6163570934364815]
 [-5.549639100855873 -3.163973406432273]
 [-4.884606730634005 -3.730756306266194]
 [-7.597536419452561 -6.7164706103713305]
 [-4.05220058308434 -4.046323922071353]
 [-7.633226854814715 -3.5810828839938313]
 [-7.3453833657372805 -7.875836703596266]]
--*TABU: [-6.706852890727259, -6.909157363368713, -6.659000556549961, -6.6163570934364815, -5.549639100855873, -3.163973406432273, -4.884606730634005, -3.730756306266194, -7.597536419452561, -6.7164706103713305, -4.05220058308434, -4.046323922071353, -7.633226854814715, -3.5810828839938313, -7.3453833657372805, -7.875836703596266]

--*FULL DATASET BEFORE:
	LOCAL INTERVAL 1 : [ -3 , 2 ]
 [[1.322231313521396 0.9154270083542619]
 [1.8150303598660003 1.7362307120645983]
 [-2.809341634142453 -2.574359803129486]
 [-1.1325088270000139 -0.463254016160636]
 [1.1331945967201218 -2.2168060442283943]
 [-2.1663072288105774 -1.0684546001540502]
 [1.2952628933160062 -2.3656532469971343]
 [0.7011332910389267 1.9407154265086737]]
--*TABU: [1.322231313521396, 0.9154270083542619, 1.8150303598660003, 1.7362307120645983, -2.809341634142453, -2.574359803129486, -1.1325088270000139, -0.463254016160636, 1.1331945967201218, -2.2168060442283943, -2.1663072288105774, -1.0684546001540502, 1.2952628933160062, -2.3656532469971343, 0.7011332910389267, 1.9407154265086737]

--*FULL DATASET BEFORE:
	LOCAL INTERVAL 2 : [ 2 , 8 ]
 [[5.994813716611959 2.0400580389908765]
 [7.368199048641789 3.5493791988658727]
 [4.436466282606396 6.458901923683413]
 [3.7163730508612245 7.197216947226797]
 [4.373528378900398 4.85295294569048]
 [6.349373087860785 2.6556300642899036]
 [3.890565665019362 4.715452008829245]
 [6.541858154830443 4.103794193150668]]
--*TABU: [5.994813716611959, 2.0400580389908765, 7.368199048641789, 3.5493791988658727, 4.436466282606396, 6.458901923683413, 3.7163730508612245, 7.197216947226797, 4.373528378900398, 4.85295294569048, 6.349373087860785, 2.6556300642899036, 3.890565665019362, 4.715452008829245, 6.541858154830443, 4.103794193150668]

 ********************************************************************************
--*FULL DATASET AFTER:
 [[4.9065137166119355 2.852158038990899]
 [4.917899048641798 2.849079198865875]
 [4.935866282606396 2.8591019236834265]
 [5.08447305086141 2.987116947226896]
 [4.923528378900396 2.852952945690487]
 [4.945673087860799 2.8591300642899102]
 [4.940365665019359 2.865652008829252]
 [4.940658154830452 2.8525941931506695]]

--*DIMENSION MIDPOINT:
 [[4.949384673166568]
 [2.8722231650909267]]

--*BEST DATA: [1.1092583658575381 -2.559659803129455] | FITNESS: 0.411234189355

Tabu Offset: 0.5
Dimensions: 2
Population: 8
|-------------------------------------------------------------------------------------|


--*GLOBAL SEARCH INTERVAL:
	[ -8 , 8 ]
--*LOCAL SEARCH INTERVALS:
	Interval: 0 [ -8 , -3 ]
	Interval: 1 [ -3 , 2 ]
	Interval: 2 [ 2 , 8 ]

--*FULL DATASET BEFORE:
	LOCAL INTERVAL 0 : [ -8 , -3 ]
 [[-5.046297648365075 -6.0434032791711045]
 [-5.407202575433621 -6.74251842396424]
 [-5.145023509501456 -3.024509656858706]
 [-3.4145119920055205 -5.199029808498202]
 [-5.121592380107355 -5.296629904678868]
 [-4.199434541689722 -7.61559008997769]
 [-3.0212404158895048 -5.442413834046059]
 [-3.6509713188847996 -5.678664296851627]]
--*TABU: [-5.046297648365075, -6.0434032791711045, -5.407202575433621, -6.74251842396424, -5.145023509501456, -3.024509656858706, -3.4145119920055205, -5.199029808498202, -5.121592380107355, -5.296629904678868, -4.199434541689722, -7.61559008997769, -3.0212404158895048, -5.442413834046059, -3.6509713188847996, -5.678664296851627]

--*FULL DATASET BEFORE:
	LOCAL INTERVAL 1 : [ -3 , 2 ]
 [[1.5323205199206473 -2.5858737683867794]
 [1.986148993678805 -0.8317342295211896]
 [1.1998687726465596 -1.6565961831437477]
 [0.6632982263597946 1.3440922410891245]
 [0.9344939380811672 -2.9030591113581123]
 [1.4346311794249331 -0.5252591868550676]
 [-0.19693774090446992 0.8194657911554049]
 [-0.43435883407640397 1.5201514039446984]]
--*TABU: [1.5323205199206473, -2.5858737683867794, 1.986148993678805, -0.8317342295211896, 1.1998687726465596, -1.6565961831437477, 0.6632982263597946, 1.3440922410891245, 0.9344939380811672, -2.9030591113581123, 1.4346311794249331, -0.5252591868550676, -0.19693774090446992, 0.8194657911554049, -0.43435883407640397, 1.5201514039446984]

--*FULL DATASET BEFORE:
	LOCAL INTERVAL 2 : [ 2 , 8 ]
 [[7.002537715640165 4.131653859344231]
 [5.389898025908524 5.205477413612966]
 [5.1971670140334005 4.496682653088252]
 [4.360436169481645 4.326944370911346]
 [6.851502932014956 6.416047363273018]
 [6.056460529715688 6.000097443214983]
 [7.218865612024278 5.801850271894779]
 [2.8401140597645194 5.308357010865853]]
--*TABU: [7.002537715640165, 4.131653859344231, 5.389898025908524, 5.205477413612966, 5.1971670140334005, 4.496682653088252, 4.360436169481645, 4.326944370911346, 6.851502932014956, 6.416047363273018, 6.056460529715688, 6.000097443214983, 7.218865612024278, 5.801850271894779, 2.8401140597645194, 5.308357010865853]

 ********************************************************************************
--*FULL DATASET AFTER:
 [[4.3525377156401746 4.53165385934423]
 [4.339898025908528 4.5554774136129685]
 [4.3480670140334015 4.547782653088249]
 [4.359536169481647 4.531044370911336]
 [4.351502932014965 4.5160473632730245]
 [4.356460529715694 4.550097443214988]
 [4.368865612024288 4.551850271894783]
 [4.495714059764733 4.702457010865869]]

--*DIMENSION MIDPOINT:
 [[4.371585257322929]
 [4.56080129827568]]

--*BEST DATA: [1.1093982263597955 -2.559607758910883] | FITNESS: 0.411234184913

Tabu Offset: 0.5
Dimensions: 2
Population: 8
|-------------------------------------------------------------------------------------|


