2 -1.28572538574 1.66146546617
3 0.11319280904 1.60823943105
4 0.249448473589 0.642491497068
5 0.341992643577 0.452511106838
6 0.407203640148 0.379188805509
7 0.454156988757 0.342875036133
8 0.455423586384 0.322012908072
9 0.508837782544 0.321499770422
10 0.573985180008 0.301853289662
11 0.68794887885 0.282244500163
12 0.752793196673 0.256062222508
13 0.791568108857 0.24444103786
14 0.792796849307 0.238343573262
15 0.792823305276 0.238159506838
16 0.837759534046 0.238155549608
17 0.838785249348 0.231774679078
19 0.843540006809 0.23163657287
20 0.843633367721 0.23100052688
26 0.875447224639 0.230988105894
28 0.885509158967 0.226901935006
29 0.905180829534 0.225667672273
30 0.914869388365 0.223330125753
31 0.919276996402 0.222214091353
32 0.965976362342 0.221713805928
33 0.980415750299 0.216681715752
34 0.980487208459 0.215218849302
36 0.982741473522 0.215211712657
37 0.983043253248 0.214987087056
38 0.983301259789 0.214957091379
39 0.983459017509 0.214931460597
40 0.98917146425 0.214915795055
42 0.989296989878 0.214351775487
43 0.989473456092 0.214339451949
44 0.993544719885 0.214322132375
45 0.99582516465 0.213924192962
47 0.997902843258 0.213702660843
53 0.999065001462 0.213501673651
56 0.999092803468 0.213389601132
59 0.999106878334 0.21338692312
63 0.999261971796 0.213385567422
65 0.999307401366 0.213370631172
73 0.999341579462 0.213366256929
81 0.99948608234 0.213362966301
120 0.999494156274 0.213349056118
131 0.999549129696 0.213348279016
149 0.999616117164 0.213342988244
151 0.99976246136 0.213336541968
196 0.999826066343 0.213322461999
208 0.99984682695 0.213316343715
395 0.999847987258 0.213314346875
400 0.999848871201 0.213314235274
576 0.999850809499 0.213314150255
622 0.999850971239 0.213313963826
733 0.999853915565 0.21331394827
--*BEST DATA: [0.9999403743439769 -1.999991116585676 2.999978267195077
 -1.4389091590042104e-05 0.9999830467665368]      | FITNESS: 0.999853915565
	Runs: 1000
